Site_ID,Copies,P(-2),P(-1),P(0),P(+1),P(+2)
Site_1,2,0.24927389907263303,0.37159579402139775,0.03942852340844597,0.23661958025930377,0.1030822032382194
Site_2,1,0.22423166490169974,0.25653332138682433,0.29811224800105623,0.1882883171002948,0.03283444861012495
Site_3,3,0.26088386436491645,0.19747763202094049,0.2076723171334348,0.19985563791084088,0.13411054856986743
Site_4,1,0.12424156910051831,0.2210236422103283,0.1953121727057191,0.12185120678131721,0.33757140920211703
Site_5,1,0.4622864716905962,0.003730389472257899,0.11156604498390185,0.1808942852204464,0.24152280863279763
Site_6,2,0.11502034718389956,0.17576388673381532,0.10688647270184094,0.5528644250373175,0.04946486834312665
Site_7,3,0.005727501113233579,0.2188215220204953,0.313103357566498,0.281504262426525,0.18084335687324812
Site_8,3,0.31133206155726345,0.29390946033720133,0.09277037290988516,0.061470071458675946,0.24051803373697403
Site_9,1,0.259017992426894,0.19289127667614087,0.17183070857675292,0.30232552394723533,0.07393449837297676
Site_10,2,0.20054815938412532,0.2635958229736518,0.3145099088231525,0.15019445236186707,0.07115165645720335
Site_11,2,0.29373733218163545,0.03339550538942858,0.19362541676118622,0.35657035116866237,0.12267139449908729
Site_12,3,0.03287924768432267,0.2135573160948586,0.08527888535720717,0.040208011242085374,0.6280765396215262
Site_13,1,0.6641996182843353,0.08525327429614817,0.13469353468482878,0.0026302266896448064,0.11322334604504292
Site_14,3,0.15758950772389244,0.1376274046417904,0.1165834486979206,0.3106264561562895,0.27757318278010695
Site_15,2,0.06089316252139161,0.35805169818898164,0.4596926329914786,0.08878601020045382,0.032576496097694356
Site_16,2,0.014994016669788637,0.24364544991354575,0.2581193754799094,0.23397695550136977,0.24926420243538655
Site_17,3,0.06503171533315472,0.3224846072091349,0.26334706823689363,0.2070780541819842,0.14205855503883255
Site_18,1,0.17631459989007345,0.20468866697925767,0.13544829607998135,0.2139194966065838,0.26962894044410385
Site_19,1,0.11230797297975353,0.2785954154767031,0.1873379329636099,0.08653368189165965,0.3352249966882739
Site_20,3,0.29516818319787064,0.036972014348996336,0.12710361539916376,0.30126838651948595,0.23948780053448332
